[DEFAULT]
setpoint_wait = 30
sample_rate = 45
setpoint_settle = 30
setpoint_timeout = 300
num_setpoints = 2
autotune_each = no

[setpoint.1]
pressure = 0.1
max_err = 0.005000000000000001

[setpoint.2]
pressure = 0.25
max_err = 0.0125

[setpoint.3]
pressure = 0.75
max_err = 0.037500000000000006

